TASK
12,6,12,10,12
TASK_SIZE
97,50,60,95,89,94,77,55,63,55,97,88
99,78,60,60,63,99
88,60,90,72,53,94,98,54,98,68,92,66
76,87,94,80,95,88,91,81,92,51
100,93,81,67,78,57,94,55,73,89,81,57
TASK_VOLUME
169,172,134,162,194,150,117,143,153,103,195,176
210,209,130,173,198,118
197,181,184,208,133,198,143,167,101,174,206,119
126,172,201,115,169,154,192,181,151,172
131,137,179,184,116,113,198,155,191,133,207,178
LAYER
4,2,3,2,4
F_TASK
0,6,7,10
0,4,6,6
0,5,7,12
0,2,10,10
0,3,7,11
MACHINE
5
MACHINE_SIZE
60,70,80,90,100
SPEED
100,90,80,70,60