TASK
18,18,18,18,18,18,18,18
TASK_SIZE
69,52,78,79,94,61,85,59,56,92,83,90,75,94,62,77,92,70
82,85,54,92,59,96,60,80,75,93,88,63,84,58,98,95,67,98
93,83,53,60,71,93,56,61,56,79,58,85,75,81,62,90,94,91
71,54,66,63,96,99,57,67,72,98,72,86,89,86,85,54,57,58
86,53,62,68,58,50,54,81,82,78,62,91,75,81,78,58,80,88
96,72,85,75,54,58,68,66,77,54,80,56,80,92,96,96,56,64
99,70,69,76,50,67,76,97,64,76,74,82,61,66,77,86,66,51
86,66,81,50,69,69,57,87,55,53,88,93,61,55,88,53,79,90
TASK_VOLUME
199,136,135,199,179,102,169,150,181,207,202,101,206,115,203,181,133,117
149,151,113,153,180,107,198,170,167,121,125,159,194,135,193,140,163,106
181,175,160,111,201,142,148,123,168,105,202,127,195,125,207,102,187,171
199,124,194,100,133,179,131,167,129,141,107,176,196,154,195,124,205,169
120,121,181,128,122,147,145,191,194,133,134,106,108,112,209,133,126,185
127,156,202,159,156,201,148,168,139,206,176,104,100,103,161,111,189,112
164,111,134,142,187,121,158,114,173,113,122,107,122,125,155,126,135,202
126,179,123,113,160,174,157,109,164,130,186,181,149,110,111,136,162,187
LAYER
5,5,5,5,5,5,5,5
F_TASK
0,3,6,9,12
0,3,6,9,12
0,3,6,9,12
0,3,6,9,12
0,3,6,9,12
0,3,6,9,12
0,3,6,9,12
0,3,6,9,12
MACHINE
6
MACHINE_SIZE
70,100,80,90,80,80
SPEED
90,60,70,70,70,90
