TASK
12,12,12,12,12
TASK_SIZE
78,96,61,78,59,96,91,56,63,65,75,90
84,95,86,95,98,80,98,78,59,99,60,78
56,96,92,56,58,62,62,92,64,83,73,58
62,84,98,50,60,60,85,51,51,79,99,85
62,68,72,72,67,89,77,53,82,83,63,97
TASK_VOLUME
208,126,107,143,133,129,127,166,184,123,152,208
157,173,168,109,112,175,183,188,117,209,191,160
202,107,179,199,117,148,110,150,191,138,160,120
205,157,123,140,192,168,173,161,156,125,189,128
208,171,145,151,159,138,196,161,135,175,103,119
LAYER
4,4,4,4,4
F_TASK
0,3,6,9
0,3,6,9
0,3,6,9
0,3,6,9
0,3,6,9
MACHINE
5
MACHINE_SIZE
100,80,70,80,70
SPEED
60,60,90,60,90