TASK
12,12,12,12,12
TASK_SIZE
58,59,66,70,83,78,90,68,59,64,97,69
70,91,64,68,74,90,64,54,62,79,80,64
97,70,75,54,71,74,86,72,80,86,83,65
99,61,98,67,72,83,94,89,94,79,78,86
62,69,58,55,88,100,65,69,85,94,97,59
TASK_VOLUME
145,162,120,210,172,100,161,112,177,115,116,142
183,193,169,195,167,161,192,129,155,209,134,103
113,183,139,140,196,203,140,202,184,139,194,126
137,194,104,182,173,120,179,195,182,114,127,182
185,192,174,127,190,159,154,206,155,196,198,208
LAYER
4,4,4,4,4
F_TASK
0,3,6,9
0,3,6,9
0,3,6,9
0,3,6,9
0,3,6,9
MACHINE
5
MACHINE_SIZE
100,80,70,80,60
SPEED
80,80,80,60,90