TASK
60,60,60,60,60,60,60,60,60,60
TASK_SIZE
63,62,77,51,97,65,100,56,98,100,82,100,94,52,88,77,53,84,74,82,88,81,67,60,76,89,79,74,75,53,83,66,60,81,83,72,57,81,70,59,52,76,63,54,92,93,70,97,89,69,53,97,61,50,52,64,68,72,94,65
65,70,87,97,84,83,87,82,78,64,64,92,85,56,99,71,50,93,95,70,77,77,92,68,71,68,70,72,76,55,70,81,81,77,73,76,83,100,50,82,61,51,60,69,96,66,78,68,66,79,57,55,60,100,100,59,100,97,87,70
100,51,73,54,95,74,71,90,69,97,55,60,87,72,59,88,92,82,95,93,97,61,99,81,76,60,82,79,70,77,84,69,98,54,62,78,57,100,66,83,68,58,99,100,50,61,96,53,78,64,89,84,100,90,91,70,52,82,95,69
60,51,56,91,80,93,52,55,70,86,84,79,51,60,67,51,76,95,75,94,87,59,96,51,51,86,59,99,65,68,91,62,69,69,96,82,59,94,55,76,75,90,77,91,71,79,57,73,50,96,83,52,94,60,66,84,56,57,50,63
80,70,85,61,65,97,77,57,78,91,85,60,88,60,78,52,87,96,66,86,80,62,51,61,71,100,73,89,93,74,85,72,57,85,91,89,57,71,57,72,67,60,57,63,79,90,79,91,89,86,66,65,84,50,89,96,97,99,79,78
65,86,81,68,55,84,60,87,73,99,71,74,86,100,94,97,89,65,59,51,62,52,60,78,76,68,75,67,53,63,99,78,78,74,66,94,79,78,85,84,59,66,89,61,57,84,83,76,71,84,74,87,74,67,57,81,75,73,64,59
82,72,70,80,87,97,54,65,88,93,74,62,60,93,86,66,68,71,50,68,96,67,57,92,52,84,75,87,76,66,58,54,53,58,96,78,93,88,94,93,71,96,87,93,57,53,56,73,88,84,63,91,75,92,54,87,67,60,60,72
77,89,55,75,66,84,93,59,67,82,93,82,56,90,92,70,74,57,64,88,76,56,89,86,53,64,66,93,90,97,91,70,72,75,100,80,91,53,84,85,50,88,82,56,90,83,61,96,63,82,56,82,62,93,89,85,75,94,80,73
70,93,69,83,94,76,59,98,55,99,54,87,95,89,92,87,70,95,96,72,52,59,98,55,55,61,71,92,51,79,51,58,59,87,91,62,94,82,73,100,72,58,95,83,86,68,97,64,51,97,70,61,55,65,91,60,88,100,77,93
72,67,85,99,97,91,66,68,63,87,78,78,87,67,61,91,66,85,79,59,59,84,94,72,97,90,54,96,79,58,91,86,78,58,82,100,79,58,57,86,95,60,80,59,97,74,99,81,71,76,96,70,68,55,73,55,80,81,82,92
TASK_VOLUME
150,111,169,196,207,115,153,202,184,138,175,160,191,180,153,149,207,173,203,128,146,103,180,122,194,122,160,115,154,202,190,150,183,148,124,105,201,198,173,114,156,142,138,143,102,106,152,146,113,175,208,193,185,159,130,111,127,119,187,127
142,101,150,125,198,186,172,165,109,204,174,103,148,104,164,183,119,138,154,208,207,123,114,148,142,158,153,142,114,130,183,129,111,122,147,164,167,205,148,160,175,160,132,192,113,131,140,201,178,137,160,150,149,120,176,112,204,114,109,203
187,189,181,100,116,191,129,154,167,150,181,158,160,121,112,193,137,202,193,204,125,186,121,114,111,148,196,100,191,202,137,119,188,105,150,171,195,199,189,185,131,119,193,135,183,196,160,125,102,198,179,120,154,105,208,111,117,204,200,127
151,208,183,146,171,177,136,141,162,114,190,184,108,208,159,174,144,144,120,173,111,155,157,189,106,156,174,186,130,187,196,164,128,187,124,181,136,188,189,176,188,170,110,141,169,122,146,147,200,133,100,109,140,157,116,159,147,111,157,184
108,130,193,119,163,207,194,173,201,101,204,203,144,148,169,209,141,191,123,141,184,190,180,176,208,126,187,183,160,124,197,104,119,136,182,121,121,103,175,171,143,190,101,111,106,181,139,155,152,182,150,107,162,206,106,123,173,127,197,144
158,108,207,144,187,193,132,116,146,200,164,107,187,137,155,106,203,184,207,139,145,187,108,160,107,182,167,169,140,180,110,123,141,195,143,109,106,125,186,160,104,196,182,165,159,174,198,135,118,103,102,159,152,111,146,200,124,190,112,188
209,121,110,184,197,122,180,189,152,201,127,126,164,141,110,187,124,177,150,176,147,126,175,132,168,149,190,130,129,152,150,174,196,151,177,118,168,170,170,209,112,159,128,201,133,115,144,136,186,152,173,129,199,209,161,163,176,143,143,146
190,153,149,115,184,164,151,148,204,125,175,138,108,105,128,100,156,137,155,144,201,140,145,173,118,209,126,204,115,178,192,125,122,156,129,150,169,128,158,181,186,130,146,170,107,184,146,132,125,154,121,154,108,127,135,164,137,189,180,137
102,127,144,104,195,204,153,126,174,140,141,122,137,172,134,140,206,135,109,121,198,187,134,192,181,160,167,120,130,175,110,139,210,210,129,169,165,143,198,121,195,189,159,168,145,174,202,161,171,106,200,198,126,122,150,144,104,202,180,156
106,168,101,192,184,121,201,156,113,156,110,169,122,190,199,121,206,188,209,147,137,116,106,109,113,135,176,193,199,149,125,156,138,177,195,132,172,170,102,177,131,145,151,206,188,146,189,132,116,154,201,198,118,103,176,120,191,151,169,160
LAYER
5,5,5,5,5,5,5,5,5,5
F_TASK
0,12,24,36,48
0,12,24,36,48
0,12,24,36,48
0,12,24,36,48
0,12,24,36,48
0,12,24,36,48
0,12,24,36,48
0,12,24,36,48
0,12,24,36,48
0,12,24,36,48
MACHINE
10
MACHINE_SIZE
100,70,90,70,80,70,90,90,90,90
SPEED
70,90,90,90,60,80,60,90,80,60