TASK
40,80,30,70,60
TASK_SIZE
93,62,50,93,55,88,60,61,65,88,94,82,64,62,75,57,88,83,77,82,81,80,69,53,88,70,52,58,93,94,81,51,53,83,99,95,57,51,68,84
54,96,86,63,70,86,67,95,82,86,85,64,55,62,67,62,76,83,76,64,63,90,56,75,51,64,72,92,88,78,89,68,55,94,70,64,87,72,77,86,69,64,76,63,82,53,50,74,89,61,94,59,65,85,86,68,86,58,92,74,67,70,77,65,56,53,82,73,83,85,91,88,79,81,66,81,85,80,93,54
89,55,55,76,67,96,78,86,70,60,71,65,79,67,63,65,79,72,63,71,61,59,66,96,76,63,69,61,86,87
67,91,75,55,53,88,53,83,77,60,54,100,71,85,55,97,82,52,90,78,61,54,94,95,90,71,69,72,70,95,84,73,98,81,55,59,97,59,86,100,80,98,74,97,55,70,78,80,93,80,71,52,50,55,50,62,74,59,91,50,74,91,56,58,93,86,93,98,50,70
83,80,93,51,72,59,67,71,67,79,80,80,75,55,88,98,82,81,94,70,76,55,75,87,95,81,85,76,79,72,78,61,76,99,54,78,86,66,58,55,92,86,71,96,78,85,59,80,69,91,58,72,62,60,97,78,100,55,99,69
TASK_VOLUME
133,116,104,107,135,130,120,183,157,163,202,181,165,105,152,149,176,198,131,184,153,129,127,144,196,140,200,192,139,178,187,181,118,132,166,165,194,155,143,170
114,134,160,183,180,205,195,196,174,191,158,160,200,111,155,102,204,183,156,101,209,197,158,138,154,206,138,151,143,161,100,145,134,114,152,123,196,133,153,140,169,128,166,200,130,133,177,108,194,122,204,105,202,154,142,145,206,135,179,183,208,125,184,111,122,144,195,180,210,200,195,157,170,165,123,160,157,156,207,182
205,122,187,129,200,108,190,201,165,204,128,158,112,176,193,113,204,200,185,185,186,161,112,121,177,180,133,173,165,121
142,174,148,109,131,107,123,197,107,157,169,154,137,126,202,178,170,183,163,100,112,126,108,133,174,141,140,131,202,111,146,117,175,202,173,145,133,131,186,114,208,134,185,180,210,185,189,167,162,116,155,205,116,146,195,183,178,168,132,141,195,118,198,187,185,102,117,195,120,119
199,128,100,102,169,188,193,123,137,210,202,101,108,119,130,170,136,140,185,109,200,208,112,125,163,148,187,202,153,199,106,166,194,167,179,110,132,164,121,155,169,199,184,196,208,166,140,187,118,204,173,173,166,170,201,141,145,173,182,144
LAYER
6,6,6,6,6
F_TASK
0,12,24,30,30,30
0,12,24,36,48,60
0,12,24,24,24,24
0,12,24,36,48,48
0,12,24,36,48,48
MACHINE
10
MACHINE_SIZE
100,100,100,100,100,100,100,100,100,100
SPEED
70,80,80,90,60,80,60,90,60,60